{
 "cells": [
  {
   "cell_type": "code",
   "execution_count": null,
   "id": "d131f962",
   "metadata": {},
   "outputs": [
    {
     "data": {
      "text/latex": [
       "$\\displaystyle K = \\left[\\begin{array}{cccccccccccccccc}3890.30452674897 & 8753.18518518518 & -3890.30452674897 & 8753.18518518518 & 0 & 0 & 0 & 0 & 0 & 0 & 0 & 0 & 0 & 0 & 0 & 0\\\\8753.18518518518 & 26259.5555555556 & -8753.18518518518 & 13129.7777777778 & 0 & 0 & 0 & 0 & 0 & 0 & 0 & 0 & 0 & 0 & 0 & 0\\\\-3890.30452674897 & -8753.18518518518 & 10616.6410534979 & 7090.08 & -3890.30452674897 & 8753.18518518518 & 0 & 0 & -2836.032 & 7090.08 & 0 & 0 & 0 & 0 & 0 & 0\\\\8753.18518518518 & 13129.7777777778 & 7090.08 & 76152.7111111111 & -8753.18518518518 & 13129.7777777778 & 0 & 0 & -7090.08 & 11816.8 & 0 & 0 & 0 & 0 & 0 & 0\\\\0 & 0 & -3890.30452674897 & -8753.18518518518 & 6726.33652674897 & -1663.10518518518 & 0 & 0 & 0 & 0 & -2836.032 & 7090.08 & 0 & 0 & 0 & 0\\\\0 & 0 & 8753.18518518518 & 13129.7777777778 & -1663.10518518518 & 49893.1555555556 & 0 & 0 & 0 & 0 & -7090.08 & 11816.8 & 0 & 0 & 0 & 0\\\\0 & 0 & 0 & 0 & 0 & 0 & 3890.30452674897 & 8753.18518518518 & -3890.30452674897 & 8753.18518518518 & 0 & 0 & 0 & 0 & 0 & 0\\\\0 & 0 & 0 & 0 & 0 & 0 & 8753.18518518518 & 26259.5555555556 & -8753.18518518518 & 13129.7777777778 & 0 & 0 & 0 & 0 & 0 & 0\\\\0 & 0 & -2836.032 & -7090.08 & 0 & 0 & -3890.30452674897 & -8753.18518518518 & 10616.6410534979 & -7090.08 & -3890.30452674897 & 8753.18518518518 & 0 & 0 & 0 & 0\\\\0 & 0 & 7090.08 & 11816.8 & 0 & 0 & 8753.18518518518 & 13129.7777777778 & -7090.08 & 76152.7111111111 & -8753.18518518518 & 13129.7777777778 & 0 & 0 & 0 & 0\\\\0 & 0 & 0 & 0 & -2836.032 & -7090.08 & 0 & 0 & -3890.30452674897 & -8753.18518518518 & 6726.33652674897 & -15843.2651851852 & 0 & 0 & 0 & 0\\\\0 & 0 & 0 & 0 & 7090.08 & 11816.8 & 0 & 0 & 8753.18518518518 & 13129.7777777778 & -15843.2651851852 & 49893.1555555556 & 0 & 0 & 0 & 0\\\\0 & 0 & 0 & 0 & 0 & 0 & 0 & 0 & 0 & 0 & 0 & 0 & 0 & 0 & 0 & 0\\\\0 & 0 & 0 & 0 & 0 & 0 & 0 & 0 & 0 & 0 & 0 & 0 & 0 & 0 & 0 & 0\\\\0 & 0 & 0 & 0 & 0 & 0 & 0 & 0 & 0 & 0 & 0 & 0 & 0 & 0 & 0 & 0\\\\0 & 0 & 0 & 0 & 0 & 0 & 0 & 0 & 0 & 0 & 0 & 0 & 0 & 0 & 0 & 0\\end{array}\\right]$"
      ],
      "text/plain": [
       "<IPython.core.display.Math object>"
      ]
     },
     "metadata": {},
     "output_type": "display_data"
    },
    {
     "data": {
      "text/latex": [
       "$\\displaystyle f = \\left[\\begin{matrix}0\\\\0\\\\0\\\\0\\\\0\\\\0\\\\0\\\\0\\\\0\\\\0\\\\0\\\\0\\\\0\\\\-1\\\\0\\\\0\\end{matrix}\\right]$"
      ],
      "text/plain": [
       "<IPython.core.display.Math object>"
      ]
     },
     "metadata": {},
     "output_type": "display_data"
    }
   ],
   "source": [
    "import pylab as pl\n",
    "import sympy as sp\n",
    "from mtm026 import *\n",
    "\n",
    "P0 = 1          #[N]\n",
    "L1 = 5          #[m]\n",
    "L2 = 4.5        #[m]\n",
    "a = 0.05        #[m]\n",
    "t = 0.002       #[m]\n",
    "E = 200e9       #[Pa]\n",
    "v = 0.3\n",
    "\n",
    "I_1 = 1.4771e-7\n",
    "I_2 = 1.4771e-7\n",
    "\n",
    "r1,r2,r3,r4,r5,r6,r7,r8,r9,r10,r11,r12 = sp.symbols('r1:17')    # Reaktionskrafter\n",
    "a1,a2,a3,a4,a5,a6,a7,a8,a9,a10,a11,a12 = sp.symbols('a1:17')    # Försjutningar\n",
    "\n",
    "K = sp.zeros(12, 12)\n",
    "f = sp.zeros(12, 1)\n",
    "\n",
    "ke1 = Ke_balk(E*I_1, L2)\n",
    "ke5 = Ke_balk(E*I_2, L1)\n",
    "ke2 = ke1\n",
    "ke4 = ke1\n",
    "ke3 = ke1\n",
    "ke6 = ke5\n",
    "\n",
    "f[13] = -P0\n",
    "\n",
    "assem(K, ke1, dofs=[1,2,3,4])\n",
    "assem(K, ke2, dofs=[3,4,5,6])\n",
    "assem(K, ke3, dofs=[7,8,9,10])\n",
    "assem(K, ke4, dofs=[9,10,11,12])\n",
    "assem(K, ke5, dofs=[3,4,9,10])\n",
    "assem(K, ke6, dofs=[5,6,11,12])\n",
    "\n",
    "\n",
    "displayvar(\"K\", K)\n",
    "displayvar(\"f\", f)\n",
    "\n",
    "r = sp.Matrix([r1, 0, 0, 0, r5, 0, r7, 0, 0, 0, r11, 0])\n",
    "a = sp.Matrix([0, a2, a3, a4, 0, a6, 0, a8, a9, a10, 0, a12])\n",
    "\n",
    "eq_sys = sp.Eq(K*a, f + r)\n",
    "display(eq_sys)\n",
    "\n",
    "unkown = [r1, a2, a3, a4, r5, a6, r7, a8, a9, a10, r11, a12]\n",
    "sol = sp.solve(eq_sys, unkown)\n",
    "\n",
    "displayvar(\"Solution\", sol)"
   ]
  }
 ],
 "metadata": {
  "kernelspec": {
   "display_name": "Python 3",
   "language": "python",
   "name": "python3"
  },
  "language_info": {
   "codemirror_mode": {
    "name": "ipython",
    "version": 3
   },
   "file_extension": ".py",
   "mimetype": "text/x-python",
   "name": "python",
   "nbconvert_exporter": "python",
   "pygments_lexer": "ipython3",
   "version": "3.11.9"
  }
 },
 "nbformat": 4,
 "nbformat_minor": 5
}
