{
 "cells": [
  {
   "cell_type": "code",
   "execution_count": 13,
   "id": "d131f962",
   "metadata": {},
   "outputs": [
    {
     "data": {
      "text/latex": [
       "$\\displaystyle K = \\left[\\begin{array}{cccccccccccccccc}3890.30452674897 & 8753.18518518518 & -3890.30452674897 & 8753.18518518518 & 0.0 & 0.0 & 0.0 & 0.0 & 0.0 & 0.0 & 0.0 & 0.0 & 0.0 & 0.0 & 0.0 & 0.0\\\\8753.18518518518 & 26259.5555555556 & -8753.18518518518 & 13129.7777777778 & 0.0 & 0.0 & 0.0 & 0.0 & 0.0 & 0.0 & 0.0 & 0.0 & 0.0 & 0.0 & 0.0 & 0.0\\\\-3890.30452674897 & -8753.18518518518 & 10616.6410534979 & 7090.08 & -3890.30452674897 & 8753.18518518518 & 0.0 & 0.0 & -2836.032 & 7090.08 & 0.0 & 0.0 & 0.0 & 0.0 & 0.0 & 0.0\\\\8753.18518518518 & 13129.7777777778 & 7090.08 & 76152.7111111111 & -8753.18518518518 & 13129.7777777778 & 0.0 & 0.0 & -7090.08 & 11816.8 & 0.0 & 0.0 & 0.0 & 0.0 & 0.0 & 0.0\\\\0.0 & 0.0 & -3890.30452674897 & -8753.18518518518 & 6726.33652674897 & -1663.10518518518 & 0.0 & 0.0 & 0.0 & 0.0 & -2836.032 & 7090.08 & 0.0 & 0.0 & 0.0 & 0.0\\\\0.0 & 0.0 & 8753.18518518518 & 13129.7777777778 & -1663.10518518518 & 49893.1555555556 & 0.0 & 0.0 & 0.0 & 0.0 & -7090.08 & 11816.8 & 0.0 & 0.0 & 0.0 & 0.0\\\\0.0 & 0.0 & 0.0 & 0.0 & 0.0 & 0.0 & 3890.30452674897 & 8753.18518518518 & -3890.30452674897 & 8753.18518518518 & 0.0 & 0.0 & 0.0 & 0.0 & 0.0 & 0.0\\\\0.0 & 0.0 & 0.0 & 0.0 & 0.0 & 0.0 & 8753.18518518518 & 26259.5555555556 & -8753.18518518518 & 13129.7777777778 & 0.0 & 0.0 & 0.0 & 0.0 & 0.0 & 0.0\\\\0.0 & 0.0 & -2836.032 & -7090.08 & 0.0 & 0.0 & -3890.30452674897 & -8753.18518518518 & 10616.6410534979 & -7090.08 & -3890.30452674897 & 8753.18518518518 & 0.0 & 0.0 & 0.0 & 0.0\\\\0.0 & 0.0 & 7090.08 & 11816.8 & 0.0 & 0.0 & 8753.18518518518 & 13129.7777777778 & -7090.08 & 76152.7111111111 & -8753.18518518518 & 13129.7777777778 & 0.0 & 0.0 & 0.0 & 0.0\\\\0.0 & 0.0 & 0.0 & 0.0 & -2836.032 & -7090.08 & 0.0 & 0.0 & -3890.30452674897 & -8753.18518518518 & 6726.33652674897 & -15843.2651851852 & 0.0 & 0.0 & 0.0 & 0.0\\\\0.0 & 0.0 & 0.0 & 0.0 & 7090.08 & 11816.8 & 0.0 & 0.0 & 8753.18518518518 & 13129.7777777778 & -15843.2651851852 & 49893.1555555556 & 0.0 & 0.0 & 0.0 & 0.0\\\\0.0 & 0.0 & 0.0 & 0.0 & 0.0 & 0.0 & 0.0 & 0.0 & 0.0 & 0.0 & 0.0 & 0.0 & 0.0 & 0.0 & 0.0 & 0.0\\\\0.0 & 0.0 & 0.0 & 0.0 & 0.0 & 0.0 & 0.0 & 0.0 & 0.0 & 0.0 & 0.0 & 0.0 & 0.0 & 0.0 & 0.0 & 0.0\\\\0.0 & 0.0 & 0.0 & 0.0 & 0.0 & 0.0 & 0.0 & 0.0 & 0.0 & 0.0 & 0.0 & 0.0 & 0.0 & 0.0 & 0.0 & 0.0\\\\0.0 & 0.0 & 0.0 & 0.0 & 0.0 & 0.0 & 0.0 & 0.0 & 0.0 & 0.0 & 0.0 & 0.0 & 0.0 & 0.0 & 0.0 & 0.0\\end{array}\\right]$"
      ],
      "text/plain": [
       "<IPython.core.display.Math object>"
      ]
     },
     "metadata": {},
     "output_type": "display_data"
    },
    {
     "data": {
      "text/latex": [
       "$\\displaystyle K_\\sigma = \\left[\\begin{array}{cccccccccccccccc}0.266666666666667 & 0.1 & -0.266666666666667 & 0.1 & 0.0 & 0.0 & 0.0 & 0.0 & 0.0 & 0.0 & 0.0 & 0.0 & 0.0 & 0.0 & 0.0 & 0.0\\\\0.1 & 0.6 & -0.1 & -0.15 & 0.0 & 0.0 & 0.0 & 0.0 & 0.0 & 0.0 & 0.0 & 0.0 & 0.0 & 0.0 & 0.0 & 0.0\\\\-0.266666666666667 & -0.1 & 0.773333333333333 & 0.1 & -0.266666666666667 & 0.1 & 0.0 & 0.0 & -0.24 & 0.1 & 0.0 & 0.0 & 0.0 & 0.0 & 0.0 & 0.0\\\\0.1 & -0.15 & 0.1 & 1.86666666666667 & -0.1 & -0.15 & 0.0 & 0.0 & -0.1 & -0.166666666666667 & 0.0 & 0.0 & 0.0 & 0.0 & 0.0 & 0.0\\\\0.0 & 0.0 & -0.266666666666667 & -0.1 & 0.506666666666667 & 0.0 & 0.0 & 0.0 & 0.0 & 0.0 & -0.24 & 0.1 & 0.0 & 0.0 & 0.0 & 0.0\\\\0.0 & 0.0 & 0.1 & -0.15 & 0.0 & 1.26666666666667 & 0.0 & 0.0 & 0.0 & 0.0 & -0.1 & -0.166666666666667 & 0.0 & 0.0 & 0.0 & 0.0\\\\0.0 & 0.0 & 0.0 & 0.0 & 0.0 & 0.0 & 0.266666666666667 & 0.1 & -0.266666666666667 & 0.1 & 0.0 & 0.0 & 0.0 & 0.0 & 0.0 & 0.0\\\\0.0 & 0.0 & 0.0 & 0.0 & 0.0 & 0.0 & 0.1 & 0.6 & -0.1 & -0.15 & 0.0 & 0.0 & 0.0 & 0.0 & 0.0 & 0.0\\\\0.0 & 0.0 & -0.24 & -0.1 & 0.0 & 0.0 & -0.266666666666667 & -0.1 & 0.773333333333333 & -0.1 & -0.266666666666667 & 0.1 & 0.0 & 0.0 & 0.0 & 0.0\\\\0.0 & 0.0 & 0.1 & -0.166666666666667 & 0.0 & 0.0 & 0.1 & -0.15 & -0.1 & 1.86666666666667 & -0.1 & -0.15 & 0.0 & 0.0 & 0.0 & 0.0\\\\0.0 & 0.0 & 0.0 & 0.0 & -0.24 & -0.1 & 0.0 & 0.0 & -0.266666666666667 & -0.1 & 0.506666666666667 & -0.2 & 0.0 & 0.0 & 0.0 & 0.0\\\\0.0 & 0.0 & 0.0 & 0.0 & 0.1 & -0.166666666666667 & 0.0 & 0.0 & 0.1 & -0.15 & -0.2 & 1.26666666666667 & 0.0 & 0.0 & 0.0 & 0.0\\\\0.0 & 0.0 & 0.0 & 0.0 & 0.0 & 0.0 & 0.0 & 0.0 & 0.0 & 0.0 & 0.0 & 0.0 & 0.0 & 0.0 & 0.0 & 0.0\\\\0.0 & 0.0 & 0.0 & 0.0 & 0.0 & 0.0 & 0.0 & 0.0 & 0.0 & 0.0 & 0.0 & 0.0 & 0.0 & 0.0 & 0.0 & 0.0\\\\0.0 & 0.0 & 0.0 & 0.0 & 0.0 & 0.0 & 0.0 & 0.0 & 0.0 & 0.0 & 0.0 & 0.0 & 0.0 & 0.0 & 0.0 & 0.0\\\\0.0 & 0.0 & 0.0 & 0.0 & 0.0 & 0.0 & 0.0 & 0.0 & 0.0 & 0.0 & 0.0 & 0.0 & 0.0 & 0.0 & 0.0 & 0.0\\end{array}\\right]$"
      ],
      "text/plain": [
       "<IPython.core.display.Math object>"
      ]
     },
     "metadata": {},
     "output_type": "display_data"
    },
    {
     "data": {
      "text/latex": [
       "$\\displaystyle f = \\left[\\begin{matrix}0.0\\\\0.0\\\\0.0\\\\0.0\\\\0.0\\\\0.0\\\\0.0\\\\0.0\\\\0.0\\\\0.0\\\\0.0\\\\0.0\\\\0.0\\\\0.0\\\\0.0\\\\-1.0\\end{matrix}\\right]$"
      ],
      "text/plain": [
       "<IPython.core.display.Math object>"
      ]
     },
     "metadata": {},
     "output_type": "display_data"
    }
   ],
   "source": [
    "import pylab as pl\n",
    "import sympy as sp\n",
    "from mtm026 import *\n",
    "\n",
    "P0 = 1          #[N]\n",
    "L1 = 5          #[m]\n",
    "L2 = 4.5        #[m]\n",
    "a = 0.05        #[m]\n",
    "t = 0.002       #[m]\n",
    "E = 200e9       #[Pa]\n",
    "v = 0.3\n",
    "\n",
    "I_1 = 1.4771e-7\n",
    "I_2 = 1.4771e-7\n",
    "\n",
    "K = np.zeros([16, 16])\n",
    "K_sig = np.zeros([16, 16])\n",
    "f = np.zeros([16, 1])\n",
    "\n",
    "ke1 = Ke_balk(E*I_1, L2)\n",
    "ke5 = Ke_balk(E*I_2, L1)\n",
    "ke2 = ke1\n",
    "ke4 = ke1\n",
    "ke3 = ke1\n",
    "ke6 = ke5\n",
    "\n",
    "ke1_sig = Ke_sigma_balk(P0, L2)\n",
    "ke5_sig = Ke_sigma_balk(P0, L1)\n",
    "ke2_sig = ke1_sig\n",
    "ke4_sig = ke1_sig\n",
    "ke3_sig = ke1_sig\n",
    "ke6_sig = ke5_sig\n",
    "\n",
    "f[15] = -P0\n",
    "\n",
    "assem(K, ke1, dofs=[1,2,3,4])\n",
    "assem(K, ke2, dofs=[3,4,5,6])\n",
    "assem(K, ke3, dofs=[7,8,9,10])\n",
    "assem(K, ke4, dofs=[9,10,11,12])\n",
    "assem(K, ke5, dofs=[3,4,9,10])\n",
    "assem(K, ke6, dofs=[5,6,11,12])\n",
    "\n",
    "assem(K_sig, ke1_sig, dofs=[1,2,3,4])\n",
    "assem(K_sig, ke2_sig, dofs=[3,4,5,6])\n",
    "assem(K_sig, ke3_sig, dofs=[7,8,9,10])\n",
    "assem(K_sig, ke4_sig, dofs=[9,10,11,12])\n",
    "assem(K_sig, ke5_sig, dofs=[3,4,9,10])\n",
    "assem(K_sig, ke6_sig, dofs=[5,6,11,12])\n",
    "\n",
    "displayvar(\"K\", K)\n",
    "displayvar(\"K_\\sigma\", K_sig)\n",
    "displayvar(\"f\", f)"
   ]
  },
  {
   "cell_type": "code",
   "execution_count": 14,
   "id": "e55c39ee",
   "metadata": {},
   "outputs": [],
   "source": [
    "a9 = a3\n",
    "a12 = a6\n",
    "\n",
    "# Definiera våra fria frihetsgrader\n",
    "free_dofs = [3,4,5,6,7,8,10,12]\n",
    "\n",
    "# Reducera till enbart fria frihetsgrader\n",
    "K_red = extract_block(K, free_dofs, free_dofs)\n",
    "K_sigma_red = extract_block(K_sig, free_dofs, free_dofs)"
   ]
  },
  {
   "cell_type": "code",
   "execution_count": 15,
   "id": "4713534a",
   "metadata": {},
   "outputs": [
    {
     "data": {
      "text/latex": [
       "$\\displaystyle λ_1 = 2519.03032469356$"
      ],
      "text/plain": [
       "<IPython.core.display.Math object>"
      ]
     },
     "metadata": {},
     "output_type": "display_data"
    },
    {
     "data": {
      "text/latex": [
       "$\\displaystyle a_1 = \\left[\\begin{matrix}0.0835677578485396\\\\0.0131632449651835\\\\0.0346137788419011\\\\-0.0236451149062492\\\\0.950356424854617\\\\-0.286390062496431\\\\-0.0734123852319302\\\\0.0223600809682825\\end{matrix}\\right]$"
      ],
      "text/plain": [
       "<IPython.core.display.Math object>"
      ]
     },
     "metadata": {},
     "output_type": "display_data"
    }
   ],
   "source": [
    "# Lös det generaliserade egenvärdesproblemet och få ut hur många gånger\n",
    "# större krafter måste vara (varje λ) samt hur den knäckformen ser ut (varje kolonn i a ger en ny form)\n",
    "λ, a = eig(K_red, K_sigma_red)\n",
    "\n",
    "# Sortera för att få den lägsta knäckkraften först\n",
    "sortingOrder = np.argsort(λ)\n",
    "λ = λ[sortingOrder]\n",
    "\n",
    "# Sortera formerna på samma sätt\n",
    "a = a[:, sortingOrder]\n",
    "\n",
    "\n",
    "displayvar(\"λ_1\",np.real(λ[0]))\n",
    "displayvar(\"a_1\",a[:,0])"
   ]
  }
 ],
 "metadata": {
  "kernelspec": {
   "display_name": "Python 3",
   "language": "python",
   "name": "python3"
  },
  "language_info": {
   "codemirror_mode": {
    "name": "ipython",
    "version": 3
   },
   "file_extension": ".py",
   "mimetype": "text/x-python",
   "name": "python",
   "nbconvert_exporter": "python",
   "pygments_lexer": "ipython3",
   "version": "3.11.9"
  }
 },
 "nbformat": 4,
 "nbformat_minor": 5
}
